1.403284969728951808e+02
1.585784792700318349e+02
3.000000000000000000e+01
9.300000000000000000e+01
1.000000000000000000e+00
9.023602155691669032e+04
3.031530626359236749e+02
9.436799109137203777e+04
1.420000000000000000e+02
1.810141411661269331e+02
7.500000000000000000e+01
2.000000000000000000e+01
1.541293802986278365e+02
2.637750169977862811e+02
2.777234825407659855e+02
4.000000000000000000e+01
3.159116009131882311e+04
1.000000000000000000e+00
8.625379940300280578e+04
2.507048631658963700e+02
1.232711474547936348e+02
5.200000000000000000e+01
6.400000000000000000e+01
1.092494109558438851e+02
2.001381694647025711e+02
1.558771070935880232e+02
1.753522606383051539e+02
8.829063624637178145e+04
3.151098699772095983e+02
1.040000000000000000e+02
2.079274775523703056e+02
2.070674484850612771e+02
1.000000000000000000e+00
1.000000000000000000e+00
2.268951918652629445e+02
1.346832367149980314e+02
1.765892531945756332e+02
1.000000000000000000e+00
1.000000000000000000e+00
2.300000000000000000e+01
6.500000000000000000e+01
2.204413657882308257e+02
2.898086837653016482e+04
1.190000000000000000e+02
2.803732475581013546e+02
4.679634693748163699e+01
2.918833201339865582e+02
1.863809546282893450e+02
5.178552193683539372e+04
1.716459795317953478e+02
4.714764774338482675e+04
1.456903268047068707e+02
1.915213368788586479e+02
2.054426005747126283e+02
7.900000000000000000e+01
1.007880754568054981e+05
1.602802328956984468e+02
2.652846550195258715e+02
1.000000000000000000e+00
7.200000000000000000e+01
3.300000000000000000e+01
5.164832796144042368e+04
1.170598773868260614e+05
3.000000000000000000e+01
1.093963452528446965e+02
3.400000000000000000e+01
3.522337365592459832e+02
2.194348393257927796e+02
1.280000000000000000e+02
1.000000000000000000e+00
7.392484100001074410e+01
4.507148547820059321e+04
9.636714319720504864e+04
9.696855245317271329e+04
1.780692725035439707e+02
2.160000000000000000e+02
1.000000000000000000e+00
1.639623078381295045e+02
3.000000000000000000e+01
2.089598529595712648e+02
7.189642568971685250e+02
5.738788562438696681e+04
1.139241332543614789e+02
1.470000000000000000e+02
1.000000000000000000e+00
1.050000000000000000e+02
6.440062111314492199e+01
8.834246634391939733e+04
5.691295508311975573e+04
8.113818677367827331e+04
9.824582506082518307e+01
4.790678631749555643e+04
1.170000000000000000e+02
7.434703006555020011e+01
3.747733189676189340e+02
1.772167227727200327e+02
8.081365646259849018e+04
5.606563581918394630e+04
9.123084446872171247e+04
2.710719243946142569e+02
2.563280069495868361e+02
1.000000000000000000e+00
2.704666346376996557e+02
2.055951334830290875e+02
3.377542062458193755e+02
1.509574881329136247e+02
1.893402033680866623e+02
6.054415037043829670e+02
2.012681695977374829e+02
1.585316105027478102e+02
2.059068977821178237e+02
4.760458144599098159e+04
3.389111295809840522e+04
1.588955345561261936e+02
1.000000000000000000e+00
2.864403252881023718e+02
1.000000000000000000e+00
1.240000000000000000e+02
2.807568637349000937e+02
1.300000000000000000e+02
9.300000000000000000e+01
2.730416635614224106e+02
1.427041306310956088e+02
9.666150095602294812e+01
2.220000000000000000e+02
1.000000000000000000e+00
3.400000000000000000e+01
1.520000000000000000e+02
1.000000000000000000e+00
7.400000000000000000e+01
4.368723883189872868e+04
1.260139239236892479e+02
3.013077729901488055e+02
9.961307068573874130e+04
1.780531789189288361e+02
1.460000000000000000e+02
2.500000000000000000e+01
7.300000000000000000e+01
1.645895246501927613e+04
9.204223235238231428e+04
2.235984536482917235e+02
1.476426293021290803e+02
5.718937386223018984e+04
4.273363373817576212e+04
1.438988271134805927e+02
1.764548288610872362e+02
1.142083554183387548e+02
1.000000000000000000e+00
2.140000000000000000e+02
2.500000000000000000e+01
7.100000000000000000e+01
1.850000000000000000e+02
8.902897210833036752e+02
5.009794898967358313e+04
7.200000000000000000e+01
6.759722885068711184e+04
1.000000000000000000e+00
8.100000000000000000e+01
2.314551980769120405e+02
6.186773680368304485e+04
2.788877574418840481e+02
6.216146603080721178e+01
2.609803812088575796e+02
5.837619600829911093e+01
2.205769787849693557e+02
5.263415162309480365e+04
5.536072421843639313e+04
7.279818125882911772e+01
2.865693393995872498e+02
2.208469354417563295e+02
1.828664443285235564e+02
1.000000000000000000e+00
2.433245562144241489e+02
4.852404336376440028e+02
9.808434436944551999e+04
1.258357843447378457e+02
8.314366499923264200e+04
3.301238420319126590e+02
3.464727875605027521e+02
3.498764770390461081e+02
1.000000000000000000e+00
1.000000000000000000e+00
5.573706763003236847e+04
4.100000000000000000e+01
1.001264161837461302e+02
1.000000000000000000e+00
3.270615645941785488e+02
1.000000000000000000e+00
1.096256630145741801e+05
3.230312834786442409e+02
6.000000000000000000e+00
8.405153180013901147e+04
2.668090036592109868e+02
2.763143042457841716e+02
2.688141048008349117e+02
5.865307042405862603e+02
1.899808089960433222e+02
3.224440396661478871e+02
4.930867021323685913e+04
2.350538682563166617e+02
2.527709250628858229e+02
1.440000000000000000e+02
1.676461376858053143e+02
5.500000000000000000e+01
1.955570483905146091e+02
2.596997547137267475e+02
2.886973644471827356e+02
1.360000000000000000e+02
9.758372660703167867e+01
1.310000000000000000e+02
2.595025995863251183e+02
1.070000000000000000e+02
1.907479340757521129e+02
1.403168992978564347e+03
6.300000000000000000e+01
2.420418334885664819e+02
2.159705630075422391e+02
3.014947528478476215e+02
3.135785314240046091e+02
3.250551421189888970e+02
1.540000000000000000e+02
4.892706965444263915e+04
1.668730892356239508e+02
9.400000000000000000e+01
4.500000000000000000e+01
5.947620745638612050e+01
1.270000000000000000e+02
1.000000000000000000e+00
1.000000000000000000e+00
2.110000000000000000e+02
8.430837916506462193e+01
6.584349617690476589e+04
1.995317338297890615e+02
1.736704984264817142e+02
2.900000000000000000e+01
1.000000000000000000e+00
1.812634482779268694e+02
2.052759869389426512e+02
2.300000000000000000e+01
1.000000000000000000e+00
2.810501069916014671e+02
9.649295609901228454e+04
4.152445761284803893e+02
3.857187456978612090e+02
2.497917431770408996e+02
2.200000000000000000e+02
6.500000000000000000e+01
6.800000000000000000e+01
7.300000000000000000e+01
1.390000000000000000e+02
1.019040598673300556e+05
1.160000000000000000e+02
1.282509977179358430e+03
1.360000000000000000e+02
1.390000000000000000e+02
1.081862536313822602e+04
1.566590643411186079e+02
7.500000000000000000e+01
1.829998978493520383e+02
1.000000000000000000e+00
8.000000000000000000e+01
1.762377412844707010e+02
1.160000000000000000e+02
2.573419371322464713e+02
2.068249174608291980e+02
2.127320916715262342e+02
2.194254668448983807e+02
5.000000000000000000e+00
1.553077382875605963e+02
1.490000000000000000e+02
1.320000000000000000e+02
5.600000000000000000e+01
3.579478066552852624e+02
5.700000000000000000e+01
5.200000000000000000e+01
5.428343762615828746e+04
2.489473199953282290e+02
1.000000000000000000e+00
1.000000000000000000e+00
5.332491467559820012e+04
1.050000000000000000e+02
1.786085433292092546e+02
2.262352643470536009e+02
1.750000000000000000e+02
1.000000000000000000e+00
1.170000000000000000e+02
4.900000000000000000e+01
3.012671954886514527e+02
1.000000000000000000e+00
6.039136400411261275e+04
1.759658476742748690e+02
1.368889411764705812e+02
4.933468572288138239e+04
5.194800179348275560e+04
6.559769531849210034e+04
1.504106890048719265e+02
2.566241878826699008e+02
5.475197850574509175e+02
1.464451366269393873e+02
1.000000000000000000e+00
2.711458309228204371e+02
1.160000000000000000e+02
1.093464512095210084e+05
5.632854913326696260e+04
2.219419891950028045e+02
4.424451409933563991e+04
1.814175763512167521e+02
2.173369713129621346e+02
2.928622098291354996e+04
1.196170885028949584e+02
5.010532184262359806e+04
1.460000000000000000e+02
2.110000000000000000e+02
2.828577171997966389e+02
5.411174602816599509e+04
1.641772405622080271e+02
5.360667776266441069e+04
2.745278609037078468e+02
2.090000000000000000e+02
1.000000000000000000e+00
1.547276785568323874e+02
1.680220404288239138e+02
2.674043894062629647e+02
2.771470631171651462e+02
2.100000000000000000e+02
5.048926882076382753e+04
1.237448585049648955e+02
9.624685659710562322e+04
2.140000000000000000e+02
1.687873648939405768e+02
1.000000000000000000e+00
1.356152458528892168e+02
1.000000000000000000e+00
1.000000000000000000e+00
2.180000000000000000e+02
1.569959001572080126e+02
1.816628190326373442e+02
2.069203137231991434e+02
2.014179309423024904e+02
1.000000000000000000e+00
1.402862160408253374e+02
1.000000000000000000e+00
2.117824839409975084e+02
2.537951382064503036e+02
1.588596939365884850e+02
1.981823485412505192e+02
2.310954041479780869e+02
3.121995881316199757e+02
3.494957359514237760e+04
3.200000000000000000e+01
2.825271043446928161e+02
4.600000000000000000e+01
2.500000000000000000e+01
6.814822839414176997e+04
1.000000000000000000e+00
1.230200382413584066e+03
1.851457734582157286e+02
2.054639918897796349e+02
1.250499036298659803e+02
2.968005297887510778e+02
1.514904357939663555e+02
2.220739141768946467e+02
4.387249370439541235e+04
1.492348699157540466e+02
5.337257320103122038e+04
1.981623561854472086e+02
1.000000000000000000e+00
1.000000000000000000e+00
6.200000000000000000e+01
5.433208099682622560e+04
1.965442331881018845e+02
1.744574566943981040e+02
2.637153698119340675e+02
9.169339017915648583e+04
1.031762136710999475e+05
2.448153887036241940e+02
1.000000000000000000e+00
1.356124465844133624e+02
5.100846932661856408e+04
1.000000000000000000e+00
1.000000000000000000e+00
1.000000000000000000e+00
1.000000000000000000e+00
6.541163586074243358e+04
1.000000000000000000e+00
2.532969374633849213e+02
1.160000000000000000e+02
1.498253112693241746e+02
1.000000000000000000e+00
1.524442227660859146e+02
2.511730710166764311e+02
9.200000000000000000e+01
1.000000000000000000e+00
1.000000000000000000e+00
2.311057074300487386e+02
2.002153182484075273e+02
2.843649148645099558e+02
2.282264075471697993e+02
1.200000000000000000e+02
2.571215152132393268e+04
3.877655513821298518e+04
3.815394814173036866e+04
2.147065597141628075e+02
8.482512005355728616e+04
1.141316588465954425e+02
1.208235172040718481e+02
1.376135594456601154e+02
4.800000000000000000e+01
4.356401451203012402e+04
1.884291317803917423e+02
4.202951627240147354e+04
2.308790341241392525e+02
2.213696089201961286e+02
2.854997452170218821e+04
5.643072240285221051e+04
1.487854012963028651e+02
5.926209783345754840e+04
1.601341985088092201e+02
3.990661807007611787e+04
3.200000000000000000e+01
1.000000000000000000e+00
2.714806004383566460e+02
1.000000000000000000e+00
5.146778280397110211e+04
1.743855858609892380e+02
1.786465231703744507e+02
2.471376063745139504e+02
2.326799736504478062e+02
2.736806053966600984e+02
1.634490687623091958e+02
5.202196581397551199e+04
1.700000000000000000e+02
1.000000000000000000e+00
5.025379534600149327e+02
4.500000000000000000e+01
3.081454324219344016e+02
1.690067987489221082e+02
1.000000000000000000e+00
1.715493447433796064e+02
1.264495312048830726e+02
1.000000000000000000e+00
2.774587640489773435e+02
7.201724683865867860e+01
2.004840967982718496e+02
1.000000000000000000e+00
2.655446066723707759e+02
1.700000000000000000e+01
1.000000000000000000e+00
1.000000000000000000e+00
5.531104196410322766e+04
1.000000000000000000e+00
3.064386023529287922e+04
1.310000000000000000e+02
2.710040120278174527e+02
2.307755492892420932e+02
9.091729704318914446e+04
2.811481052465462085e+02
1.764821782159489203e+02
1.089742214643381999e+02
9.417077474187493635e+01
4.567286024198585801e+04
2.200000000000000000e+02
1.341639172127043821e+03
2.157394543108758285e+02
1.000000000000000000e+00
2.147294689986446770e+02
7.700000000000000000e+01
7.900000000000000000e+01
4.470623611313766742e+04
2.653033906826345287e+02
1.131108837444949022e+05
9.600000000000000000e+01
1.000000000000000000e+00
1.243496683354192811e+02
1.000000000000000000e+00
1.000000000000000000e+00
2.220000000000000000e+02
1.000000000000000000e+00
1.000000000000000000e+00
1.710408573454660370e+02
1.000000000000000000e+00
2.080000000000000000e+02
1.000000000000000000e+00
9.900000000000000000e+01
2.432742169368960390e+02
1.087705905002246291e+05
1.170000000000000000e+02
2.594698876341198002e+02
2.110000000000000000e+02
1.000000000000000000e+00
2.566026619353875162e+02
2.474159405198722652e+02
4.733552066746363562e+04
4.158370258686448506e+04
1.000000000000000000e+00
5.598885481869995419e+04
2.418367758162563348e+02
1.000000000000000000e+00
2.552619943435057053e+02
3.000000000000000000e+01
1.000000000000000000e+00
2.300000000000000000e+01
6.897768857251896407e+04
1.000000000000000000e+00
2.100000000000000000e+02
1.466879124315871650e+02
2.204141994928903046e+02
5.800000000000000000e+01
1.453121625683060074e+02
2.008716424844594428e+02
1.020000000000000000e+02
4.882812637666678347e+04
2.256457685561114488e+02
3.195711584989567928e+04
1.700000000000000000e+01
1.963878994689130764e+02
1.878107040654483342e+02
2.977712132175057036e+02
2.764150418081727594e+02
5.293814618560892995e+04
5.913840849692615302e+04
1.000000000000000000e+00
1.025065751374710671e+05
2.524298832782160957e+02
5.178894197049076320e+04
2.631264123225902267e+02
9.300000000000000000e+01
9.821880726238364878e+04
2.778459339030425213e+02
9.226803465467640490e+04
1.990267675378266858e+02
1.048229571397188702e+05
6.079998043941727519e+04
1.969548018393051905e+02
5.451421755621138436e+04
1.000000000000000000e+00
1.000000000000000000e+00
1.926058891083317803e+02
1.000000000000000000e+00
5.372176203470538894e+04
1.500446607014851850e+02
2.811813453702205265e+02
2.771113410112657220e+02
3.796297822313483721e+02
1.099702546461719521e+03
1.180000000000000000e+02
5.337429986210815696e+04
1.653315463287312639e+02
1.429078220480170387e+02
1.640000000000000000e+02
1.530000000000000000e+02
1.000000000000000000e+00
7.300000000000000000e+01
4.700000000000000000e+01
3.015847358529140365e+02
1.485364245741497768e+02
4.145538366939537127e+02
2.887390898168851550e+02
1.462968314386104396e+02
4.800000000000000000e+01
1.401693984080071687e+02
1.292387206453687156e+02
1.000000000000000000e+00
6.441465059693268267e+04
3.206325078702591418e+04
2.704727972638413576e+02
9.586949016659286281e+04
2.365556484797444909e+02
3.599183125769684466e+02
3.027599635677260449e+04
2.550876109357135283e+04
1.500000000000000000e+01
1.900000000000000000e+01
1.621936002093571574e+02
5.800583605141632870e+04
1.000000000000000000e+00
1.404601421317779000e+02
3.397548750170053245e+04
1.849844651420461901e+02
5.615962821806188731e+04
1.000000000000000000e+00
2.512125896489530703e+02
1.927335969721615356e+02
3.701659438676291529e+02
2.550172644211809256e+02
2.170000000000000000e+02
5.116861468326576869e+04
3.161592561099321870e+02
2.384770967437510194e+02
1.012391353905478439e+02
1.638295664452918174e+02
2.630010048377028511e+02
2.700000000000000000e+01
1.087670634203977443e+03
1.985727139289918739e+02
1.472532963420111400e+02
1.087598708011808194e+05
1.000000000000000000e+00
1.000000000000000000e+00
2.130000000000000000e+02
2.040000000000000000e+02
6.150615607788943453e+04
1.976127872703437447e+02
1.628283002275401941e+03
6.899723839799742109e+02
2.670065626466733875e+02
2.734676623119034957e+02
1.814418908970566804e+02
1.000000000000000000e+00
1.357059763958025371e+02
1.650349170124481475e+02
1.100000000000000000e+01
8.400000000000000000e+01
9.388764750005907263e+04
1.610108609142608600e+02
2.232897542297055509e+02
1.160000000000000000e+02
3.000000000000000000e+00
1.339044535420459567e+02
6.934527390252953046e+04
2.496016677449508734e+02
1.700000000000000000e+01
1.310000000000000000e+02
1.856734115543151802e+02
1.685409059334559743e+02
1.133393912299118092e+05
1.472416799209759404e+02
1.350000000000000000e+02
1.000000000000000000e+00
2.293563750218129940e+02
2.023490285138075535e+02
1.000000000000000000e+00
1.000000000000000000e+00
8.500027167262689431e+01
6.310376497354722960e+04
1.000000000000000000e+00
2.216775672860887312e+02
6.362769368830524036e+04
7.557065397525062144e+04
1.800000000000000000e+01
5.860751790176753957e+02
4.738575587533618818e+04
1.634407742760223243e+02
2.046860852918416072e+02
1.993059629420646388e+02
2.504951990486515570e+02
1.914630911786508420e+02
1.634932285192617769e+02
7.371611773651522981e+01
1.000000000000000000e+00
1.000000000000000000e+00
9.937662463556371222e+04
3.000000000000000000e+00
2.592153275758407176e+02
1.662988796427515581e+02
2.105793766237536033e+02
4.842076583292534633e+04
1.030459440255687077e+05
1.000000000000000000e+00
5.924353425376774976e+04
9.303819571567360924e+01
2.739018752393271825e+02
7.790853403126267949e+04
1.650309554909013343e+02
1.200000000000000000e+01
9.200000000000000000e+01
1.431456393259250603e+02
2.719530235070876370e+04
5.665335360219769791e+04
2.699097925462899639e+02
1.611436595498566078e+02
5.882113369302298088e+04
8.200000000000000000e+01
4.858245522810731927e+04
4.990899839082027029e+04
1.000000000000000000e+00
1.640770016016715829e+02
2.190277930775160655e+02
1.916294825439267129e+02
1.481300206564347661e+02
3.190285826430172165e+02
1.160000000000000000e+02
1.000000000000000000e+00
8.800000000000000000e+01
2.127027263839053148e+02
2.090000000000000000e+02
2.060000000000000000e+02
1.000000000000000000e+00
1.535386578901405130e+02
2.277953293765224601e+02
1.000000000000000000e+00
2.199620264442237669e+02
1.892914933081922584e+02
4.975821851512242574e+04
2.962041760920623119e+02
3.150555109991932113e+04
1.201639176008512777e+02
4.678402204414166044e+04
2.116684633479027013e+02
5.013224420829688461e+04
2.879296857657386681e+02
1.136197482120696222e+05
1.000000000000000000e+00
6.143468739524225697e+01
5.525340009957284337e+02
8.584782413992365764e+04
1.000000000000000000e+00
7.130001198858786893e+01
2.278651598689765763e+02
1.497100434880960051e+02
2.255671832072530094e+02
2.787121972119060160e+02
1.000000000000000000e+00
6.347871546716537705e+04
1.000000000000000000e+00
2.188171810287652193e+02
2.170000000000000000e+02
3.406368931818908459e+04
1.483717545239968558e+02
1.000000000000000000e+00
6.500000000000000000e+01
5.338168021333774232e+04
1.000000000000000000e+00
1.159095880055858106e+04
1.068145007718265873e+02
3.401131302432320081e+04
1.000000000000000000e+00
5.425333312888129149e+04
1.145160408446285146e+05
1.244024818962745258e+03
2.381091330405321571e+02
5.508541067979028594e+04
2.130000000000000000e+02
2.300000000000000000e+01
1.629335711904370214e+02
2.294663845214410003e+02
1.000000000000000000e+00
1.000000000000000000e+00
3.400000000000000000e+01
1.440411034315827976e+02
2.156987765817824538e+02
2.861811545825293024e+02
2.954083591063791800e+02
4.752874574166072125e+04
2.316896017833482802e+02
1.040000000000000000e+02
2.858625747311775740e+02
4.640633087236554275e+04
4.633478229040127917e+04
1.603781264044041279e+02
2.916440978805097188e+02
2.380400952318211409e+02
2.011561593015701419e+02
1.471701104412229597e+02
1.000000000000000000e+00
9.007399643717904110e+04
1.660000000000000000e+02
3.205010644841547105e+02
1.839256601233809931e+02
7.000000000000000000e+01
1.000000000000000000e+00
2.810008455925427597e+02
2.608608607691787711e+02
2.910740018875770829e+02
5.073772444408242154e+04
1.952130571630623024e+02
2.567571519617924309e+02
6.393250246631685150e+04
6.090361609544623207e+04
1.450000000000000000e+02
1.530000000000000000e+02
1.000000000000000000e+00
8.000000000000000000e+01
2.753184977319433528e+02
2.691424655323595516e+02
3.409963641469478830e+02
1.000000000000000000e+00
1.430354337102150168e+02
4.164912365085008787e+04
3.900000000000000000e+01
2.635196873942153388e+02
3.323329396111607639e+04
1.411596406684609519e+02
2.800000000000000000e+01
3.213154742147968363e+02
9.143790015637372903e+01
1.519966716979630519e+02
3.961697990171775018e+04
2.900000000000000000e+01
1.370000000000000000e+02
2.031665332380271707e+02
1.050000000000000000e+02
1.180000000000000000e+02
1.000000000000000000e+00
2.182180388825339890e+02
1.564086076538546308e+02
6.604413718586310279e+04
3.043295167545911113e+02
3.289715929129118012e+04
2.700000000000000000e+01
1.451544850391512682e+02
1.000000000000000000e+00
1.420000000000000000e+02
2.180000000000000000e+02
1.352112027322118024e+02
5.684060240483847883e+04
1.060000000000000000e+02
2.195101840989372590e+02
8.984198910014044668e+04
5.669260273624418289e+01
6.459337630404272090e+01
1.000000000000000000e+00
9.500000000000000000e+01
1.000000000000000000e+00
1.500000000000000000e+02
5.141570438490212109e+04
1.370000000000000000e+02
3.091550587847409020e+02
1.019766959303018666e+03
6.300000000000000000e+01
6.000000000000000000e+00
1.034904149809031078e+05
2.598810264890132657e+02
1.495867783661298347e+02
6.262171881128218229e+04
2.496544628813776683e+02
2.220335350829845424e+02
2.311710265184794650e+02
2.536014313805746383e+02
1.423897633372015719e+02
1.625623759050603780e+02
4.202937830130264047e+04
1.000000000000000000e+00
2.757691164589339792e+02
9.918689389057511289e+04
4.030145620659887413e+02
9.645056209104842856e+04
2.185103650098054402e+02
2.321063617527931058e+02
1.749589835331565553e+02
3.398433992835826416e+02
2.053841144402764769e+02
1.000000000000000000e+00
2.895673207113849799e+02
1.000000000000000000e+00
5.700000000000000000e+01
2.330684788346193841e+02
1.518409045628934280e+02
1.777033713370007035e+02
1.280000000000000000e+02
2.737991080044490673e+02
1.824186965372093994e+02
1.000000000000000000e+00
6.283713197221769224e+04
8.900000000000000000e+01
2.640555326637824578e+02
2.351395278077053490e+02
5.162513450897609437e+04
2.200000000000000000e+01
2.780161366278216519e+02
2.914818847833432187e+02
1.589416824398921051e+02
1.946456209277811809e+02
3.202932573902363629e+02
1.378651680358476597e+02
1.344872523130967750e+02
7.400000000000000000e+01
1.952868189088001998e+02
1.821150486074979256e+02
1.000000000000000000e+00
6.948747654318813716e+01
2.875420041933719517e+02
9.100000000000000000e+01
3.000000000000000000e+01
3.148607224352273988e+04
4.304551901592398053e+02
6.274144701998126402e+04
1.000000000000000000e+00
2.818530766549621376e+02
2.160000000000000000e+02
6.052175527599849011e+04
1.000000000000000000e+00
2.909085184382284410e+02
3.970452790917635139e+04
1.897080063927764968e+02
5.757755007464290031e+01
1.000000000000000000e+00
3.181234833646102516e+02
1.397048992830317502e+02
4.800404867381553049e+04
2.100000000000000000e+01
6.400000000000000000e+01
1.068446136092260303e+02
8.773766828164432081e+04
2.702707880675475280e+02
8.942476365088835882e+04
2.050000000000000000e+02
1.330000000000000000e+02
1.000000000000000000e+00
6.098402607777667436e+04
1.240473486472813238e+04
2.180000000000000000e+02
2.127865313527108810e+02
6.434690167862999806e+04
2.374423474317949854e+02
8.600000000000000000e+01
1.354584458312024026e+03
2.302992818055324449e+02
6.022514761651981826e+04
1.042074444688751811e+02
1.000000000000000000e+00
2.166165271273213762e+02
3.889755009487634538e+02
2.936137124962123153e+02
1.000000000000000000e+00
3.147137558823758923e+02
1.000000000000000000e+00
1.186129021083896049e+02
1.000000000000000000e+00
2.765304026125276664e+02
1.242601684814737837e+02
4.992297981171297579e+04
1.846902662315170005e+02
9.690094034623529296e+04
1.446508272392576941e+02
2.318691980754099973e+02
5.483287319907136407e+03
2.180000000000000000e+02
1.000000000000000000e+00
3.106326422859561376e+02
7.300000000000000000e+01
1.799892015322812142e+02
1.000000000000000000e+00
1.250000000000000000e+02
1.932976007284024433e+02
4.917647736953620188e+04
2.180000000000000000e+02
1.419947724177627322e+02
5.371091343443791266e+04
5.896670148740048489e+02
1.961124683150789565e+02
5.005649403587653796e+04
5.737896071901196410e+04
1.346945685913231614e+02
5.654273287505553890e+04
5.534984281596665596e+02
4.300095356945718959e+04
1.857681657594851288e+02
1.170000000000000000e+02
4.904383618751282484e+04
8.558771277952280343e+02
2.990210622967707650e+02
1.384290405540811548e+02
1.493154851389133739e+02
5.544495929266297026e+04
2.057927198681400398e+02
1.000000000000000000e+00
1.000000000000000000e+00
2.180000000000000000e+02
1.000000000000000000e+00
7.400000000000000000e+01
9.223899316574030672e+04
1.000000000000000000e+00
3.552445012873365613e+02
3.087293167822036253e+02
1.000000000000000000e+00
1.000000000000000000e+00
1.640000000000000000e+02
2.472984087148173273e+02
2.745201770553452434e+02
2.853566357927404624e+02
1.000000000000000000e+00
3.473637819424257600e+02
2.481181283166225739e+02
5.339421471211578319e+04
1.000000000000000000e+00
3.351378722598625609e+04
4.821629027600566769e+04
2.603145356762815936e+02
2.684921581278993017e+02
2.300945869185465824e+02
1.786589813726476734e+02
5.911649725977185153e+04
2.359873709095448930e+02
3.571641488855192438e+04
2.140000000000000000e+02
5.035562251395900239e+04
2.180000000000000000e+02
4.400000000000000000e+01
3.075485159635149444e+02
2.867821274366029343e+02
4.800000000000000000e+01
2.097725874900935139e+02
2.865669206972020788e+02
3.400000000000000000e+01
1.530000000000000000e+02
1.000000000000000000e+00
2.194930905548197586e+02
2.679984446357321417e+02
2.322759581951555674e+02
2.200000000000000000e+01
1.000000000000000000e+00
1.351675075416330037e+04
1.125644671378858038e+04
2.747502375559309939e+02
2.000000000000000000e+01
1.727533082268509474e+02
2.800000000000000000e+01
4.900000000000000000e+01
2.464325636158413886e+02
1.824540322610382646e+02
1.000000000000000000e+00
9.403168611068325117e+04
8.693020601812426662e+01
1.577381421675902402e+02
5.200000000000000000e+01
1.551747318375607847e+02
8.467214337198127760e+04
1.000000000000000000e+00
1.000000000000000000e+00
6.756658128228852001e+04
2.080000000000000000e+02
1.250000000000000000e+02
2.292516239793569639e+02
1.827221577632032563e+02
3.128949099482470046e+02
9.389173704323971469e+04
1.694673012314637219e+02
1.370000000000000000e+02
2.900000000000000000e+01
2.700000000000000000e+01
1.560293431471759789e+02
1.467571133002226986e+02
1.462304926284789417e+02
1.764948574442769598e+02
1.000000000000000000e+00
2.420849241858352627e+02
6.450284169923665468e+04
5.966759952119132504e+04
2.061038409356029604e+02
1.080000000000000000e+02
3.085604309666218614e+04
3.861992538478942151e+04
1.750000000000000000e+02
2.140000000000000000e+02
2.140000000000000000e+02
6.427180975066752580e+04
1.414231120995167430e+02
2.110000000000000000e+02
1.220000000000000000e+02
6.396537664581800300e+02
2.478919389789408854e+02
1.000000000000000000e+00
1.900000000000000000e+01
2.474340188281517840e+04
2.974921349617911801e+02
4.600000000000000000e+01
1.000000000000000000e+00
6.591587890796187139e+02
1.866846863639799778e+02
5.485194312598519900e+04
2.563264836283409522e+02
1.000000000000000000e+00
1.000000000000000000e+00
3.103247402331855938e+02
4.480244059865672170e+04
2.323553593864536424e+02
2.649678709958144509e+02
2.794032382231786755e+02
2.556425932321135122e+02
1.250000000000000000e+02
2.169011209898304742e+02
1.160000000000000000e+02
1.269879646864296774e+02
5.286708711574246263e+04
3.052427175548852460e+02
2.195125863324917646e+02
4.941173161092728697e+04
3.153945987595733413e+02
1.000000000000000000e+00
5.400000000000000000e+01
3.388924378525658767e+02
6.304132310607087129e+04
1.454443529123091992e+02
1.817002063882626999e+02
1.000000000000000000e+00
5.442804750244243769e+04
4.028508710330165195e+04
1.440000000000000000e+02
1.456488989798512250e+02
5.400000000000000000e+01
1.000000000000000000e+00
4.976021632698587200e+04
1.899917341972324607e+02
1.596728350631053672e+02
1.157981399262365159e+02
2.170000000000000000e+02
1.000000000000000000e+00
1.000000000000000000e+00
2.449738733932480841e+02
2.700000000000000000e+01
5.363444344059670584e+03
2.944135817671598261e+02
1.000000000000000000e+00
2.253591105785262698e+02
1.310000000000000000e+02
3.279074366290707871e+02
1.840948315816192462e+02
2.999144225119418934e+02
5.580153251794546668e+04
1.048447765035825869e+05
2.635489312081488720e+02
1.180000000000000000e+02
1.188216363128020987e+02
2.984232818337144636e+04
8.712721664050056347e+01
3.306794830153779685e+02
1.510000000000000000e+02
1.000000000000000000e+00
5.214227657958731288e+04
2.945524990753423822e+02
9.881592276390698680e+04
3.068823970195927586e+02
1.000000000000000000e+00
2.221941450948566796e+02
5.595668328595103958e+04
5.368082818730220606e+04
1.000000000000000000e+00
2.325512667808037577e+02
1.000000000000000000e+00
1.300000000000000000e+01
2.150000000000000000e+02
2.110000000000000000e+02
5.300000000000000000e+01
4.924863218157661322e+04
1.819401550800456278e+02
1.000000000000000000e+00
1.300000000000000000e+02
4.245047547390117870e+03
1.000000000000000000e+00
1.558883022211537082e+02
1.769011827801607524e+02
1.000000000000000000e+00
2.883483744500171042e+02
2.400000000000000000e+01
4.535155598353087407e+04
8.407576875690974703e+04
2.284795909979462181e+02
2.055718750493819016e+02
6.900956045146787073e+04
6.808385490890841174e+04
8.809885840873276175e+04
2.879185208225413817e+02
9.535687737718943390e+04
1.000000000000000000e+00
1.000000000000000000e+00
1.887106490180675564e+02
6.213596283023543219e+04
1.160000000000000000e+02
1.470000000000000000e+02
1.607749018472688363e+02
1.890000000000000000e+02
4.300000000000000000e+01
1.596044358179422034e+02
5.600000000000000000e+01
1.000000000000000000e+00
1.600000000000000000e+01
5.004044273356400663e+04
1.279422130280331203e+03
5.560343429569828731e+04
1.001672968573861144e+05
1.982293372871213251e+02
3.265283192616700762e+04
5.037624524147271586e+04
6.357683605943355360e+04
3.579242410976278279e+02
2.885567094656178142e+02
2.015685315553585610e+02
8.888947369473421713e+04
3.553917042312124977e+04
4.405055239518138842e+04
9.749603544776118724e+01
4.722177482482221967e+04
5.935574517972292961e+04
3.844126811517257011e+04
3.571721062447864097e+04
8.378693706097915310e+02
3.017961114208536060e+02
6.918100601167457353e+04
1.332669679820922465e+04
2.787866009176887019e+02
1.000000000000000000e+00
8.023664740814316610e+04
2.120000000000000000e+02
2.573681470822976394e+02
2.875686245373332781e+02
5.537753626564839942e+04
2.637858092144945203e+02
6.102643664633022127e+04
3.100000000000000000e+01
2.255326424193779928e+02
2.929317903831471313e+02
5.868590465947284247e+04
6.510890728986191971e+04
1.357377378438486994e+04
1.071866044719866477e+05
7.400000000000000000e+01
3.030257371574900844e+02
5.092269581706973258e+04
5.840466764236658491e+04
5.000006050328008860e+04
2.775835412958096526e+02
3.181343578458430784e+04
2.501069760691479189e+02
5.274787237702466518e+04
1.500000000000000000e+02
2.634977309074545246e+02
5.492060267841784662e+04
6.300000000000000000e+01
4.082393505673033360e+04
2.180000000000000000e+02
1.077452729345451371e+04
9.640281741259022965e+03
2.559105228574933619e+02
6.321731616355462756e+04
3.100000000000000000e+01
2.939307902700575141e+02
5.600320758684475004e+04
3.163154907368594877e+02
9.840612798883917276e+04
5.440859810849578935e+04
5.163290207560467388e+04
4.482966228113903344e+04
5.231458837539001252e+04
1.045217733937047451e+05
1.051776817046093929e+05
7.400000000000000000e+01
1.408824512099921833e+02
1.310000000000000000e+02
2.150000000000000000e+02
1.389226036104570881e+02
4.539889678156781883e+04
1.007917379781777854e+05
5.707853201101911691e+04
6.162810444771655602e+04
1.078470097161754093e+05
4.813138604600918188e+04
4.971182057926104608e+04
5.170429545838010381e+04
9.028737644496276334e+04
2.989103673399070976e+04
1.690000000000000000e+02
1.406889381933438870e+02
9.465531690092706413e+04
2.362995707068835145e+02
2.958379237843117266e+02
6.644929615905573883e+04
5.160328651880848338e+04
3.470527603695495031e+02
4.640139940447501431e+04
5.784315970889940672e+02
7.328962978411797735e+01
1.420000000000000000e+02
5.371705175852087268e+04
5.411231097411818337e+04
8.747791949753515655e+04
7.057652753701980691e+04
9.685595950493050623e+04
2.090000000000000000e+02
1.390000000000000000e+02
1.680000000000000000e+02
1.018739692765052605e+05
2.361882557675855878e+02
1.602910336357362269e+02
5.184542467561208468e+04
3.463816535465485504e+04
5.351918723902008060e+04
3.326071013047590532e+04
2.300000000000000000e+01
2.007754650100922618e+02
5.498569548688491341e+04
4.778712693988019601e+04
1.000000000000000000e+02
1.576953349221228677e+02
1.004218685811712494e+05
4.242657283219991223e+04
4.928042981141227210e+04
3.885905816062814847e+04
1.978621438372552461e+02
1.380000000000000000e+02
5.028549890688977757e+04
1.985682616521895056e+02
8.800000000000000000e+01
8.957962942547144485e+04
2.510227774218840580e+02
4.345114314360661956e+04
5.924286686975177872e+04
1.209626666568461369e+05
2.220000000000000000e+02
1.625827515831609560e+02
2.820581497988572301e+04
1.752488026588971479e+02
3.975598242897645105e+04
1.148542197668462613e+05
4.828321341467496677e+04
7.553865816537626961e+04
5.934822050938545726e+04
8.319599345971868024e+04
5.214403683604624530e+04
5.905248033870295330e+04
2.195953514365140791e+02
5.831628412216031575e+04
3.234247994685242156e+04
1.223422646136584081e+05
2.169074900140116995e+02
5.314116298916216329e+04
5.060454189454030711e+04
3.441595360046428686e+04
7.719924404458541539e+04
4.988901812365087244e+04
2.239664003388358253e+02
3.198594230621998236e+02
3.842877844480844215e+04
5.709733118677200400e+04
5.062804483153022738e+04
2.705367662073957149e+02
2.465284959093769714e+02
2.842205149255007927e+04
4.922131814581084473e+04
5.660783342305922270e+04
1.430000000000000000e+02
4.632943600201993831e+04
5.127938825776443264e+04
2.120000000000000000e+02
6.915105555565128452e+04
9.766464778268075315e+04
1.010000000000000000e+02
5.043957899772832025e+04
4.793099742922609585e+04
4.353699398454372567e+04
2.918457496852382747e+02
1.907587975796358819e+02
9.106674034353641036e+04
6.122435683476284612e+04
2.230000000000000000e+02
4.400000000000000000e+01
8.875553223221554072e+04
1.874572723546950215e+02
2.633716846111038876e+02
6.731678221150036552e+04
3.158357176197678200e+02
3.591860924376699404e+04
1.460000000000000000e+02
4.299567868035742140e+04
5.203474218569487857e+04
4.431379922585316535e+02
2.834343721736129010e+04
6.400000000000000000e+01
6.323910291803242580e+04
4.792436233632687072e+04
1.700373061140734023e+02
5.721421215549991757e+04
2.948935122974179990e+02
1.170000000000000000e+02
5.507329739598452579e+04
1.000000000000000000e+00
5.204661143923571944e+04
1.200000000000000000e+02
5.171867880906214123e+04
5.355083572766302677e+04
9.131564043121153372e+04
4.462436485752352019e+04
5.434546844012873771e+04
1.646906397705270422e+02
1.158623218393800198e+04
5.927292136594667681e+04
2.201513577201183693e+02
9.000000000000000000e+01
5.266859695170809573e+04
1.006697104169531376e+05
5.654450881900416425e+04
2.959947842179042254e+02
6.044638430781754141e+04
3.537519714641657629e+04
4.101091067348182696e+04
5.264714718861786241e+04
1.160000000000000000e+02
5.607737263462288684e+04
5.572057435690449347e+04
1.018329058825531829e+05
4.929035054732385470e+04
1.057244272019539494e+05
3.817589861097103858e+04
2.642013731700296830e+02
2.828982607647512486e+04
4.855950272918996779e+04
3.608268359279771539e+04
9.123979518449360330e+04
9.441477495782746701e+04
5.273514220717342687e+04
5.251290252212405903e+04
3.346680404291802552e+04
3.626161660327010031e+04
4.822275247908115125e+04
9.801474239552630752e+04
3.985005527203151723e+04
2.756674719457064384e+02
1.390000000000000000e+02
1.915287155736739351e+02
1.212922551334793679e+05
6.038749942270576867e+04
9.745064825667036246e+01
9.500000000000000000e+01
9.646667610391249764e+04
6.572440102318505524e+04
9.542048443217693421e+04
3.148365749809656791e+02
4.165821153828904062e+04
3.360371096550519724e+04
4.720186253935174318e+04
5.463700119444655866e+04
5.559245501306752703e+04
1.100918098362095334e+05
3.222277192169170667e+04
1.632849327556876915e+02
2.849480301179406183e+02
1.996519241833069884e+02
4.662533790501010662e+04
4.581363803534502222e+04
2.108535784484769806e+02
5.945825540822149924e+04
4.917986382680785027e+04
3.231878431298905343e+04
5.929495706967568549e+04
2.985638357639559763e+04
2.673658238969728700e+02
1.540385444321746320e+02
3.527565347366940841e+04
3.275407023396357181e+04
3.939448587425689539e+02
1.439973933649289108e+02
5.410543827625374979e+04
5.344124974637436389e+04
4.329714582194598188e+04
1.300000000000000000e+02
2.157076586794859452e+02
1.170000000000000000e+02
6.615776992034100113e+04
3.950249615970400191e+04
2.418133470021632263e+02
3.137423018254055478e+02
1.136353270258086704e+05
2.595565418082842939e+02
1.500000000000000000e+02
1.020196764478779223e+05
8.354072491612260637e+04
4.777750648665999324e+04
5.439938510804266843e+04
4.931838314035703661e+04
1.692857540114707149e+02
3.331723383428739908e+04
8.685466632698282774e+04
5.590288168878020224e+04
3.088259412259283181e+02
2.866567395127702866e+02
1.160000000000000000e+02
1.032710365701418486e+05
2.056143573043800359e+02
3.484279389752783754e+04
1.106758537856074836e+05
1.230000000000000000e+02
2.726547615445809924e+02
6.071286141891196894e+04
3.952254268859890090e+02
1.280000000000000000e+02
9.499864864295032748e+04
2.285514055049995079e+02
1.512551770380281368e+02
6.915173483891850628e+04
8.200000000000000000e+01
6.500000000000000000e+01
2.858399224973125001e+02
5.709544622190041991e+04
2.984207229555474987e+04
1.834406077171871345e+02
5.054028833004926128e+04
4.603689620133938297e+04
5.208393728950591321e+04
1.485186406667931749e+02
2.109427851717650810e+02
1.749667767531394702e+03
1.904397523539879842e+02
3.410532625016795691e+02
5.342847286203338444e+04
1.000000000000000000e+00
8.408596221066828002e+04
5.676057567499385186e+04
4.777497811532339983e+04
2.873633659259380511e+04
9.799878156598618079e+04
3.022047761041399667e+02
3.986142761148764839e+04
3.583406176017203688e+04
4.629911148301151115e+04
1.378377030056749675e+02
5.468722984318079398e+04
7.302926441249542222e+02
6.057990844133524661e+04
4.877004394268238684e+04
3.915135966880050546e+04
9.915353436236939899e+01
5.366211468968615372e+04
1.867514879010350626e+02
2.864833889301908698e+02
3.031486389901334405e+04
5.875586936469215289e+04
3.327873825782286303e+02
1.072531841432288056e+05
3.144828310215028978e+03
8.323195749770653492e+04
6.804796355020174815e+04
1.960486642170820915e+02
8.405550832569632621e+04
3.405398753060991294e+04
8.000000000000000000e+01
2.966016275032063163e+02
2.919213003855213060e+02
2.882931529658084173e+02
1.000000000000000000e+00
1.500000000000000000e+02
1.600000000000000000e+01
1.021874931274333539e+04
5.726029212483738957e+04
5.413304015724802593e+04
1.520000000000000000e+02
1.070000000000000000e+02
5.010683429015973525e+04
9.768487242977951246e+04
6.776758232062820753e+04
1.031176349356330757e+05
4.851494095796748297e+04
4.949672141144038324e+04
2.811221129170184554e+02
1.810132482425161982e+02
9.587621881425147876e+04
2.197452227343411835e+02
8.697203312385200115e+04
5.449313554163010849e+04
5.318254542589894845e+04
9.497903744523784553e+04
3.754624777997602450e+03
2.527951198727431984e+04
2.665355895557977419e+02
1.784369277734135153e+02
3.747623671421883773e+04
2.875504732596547547e+04
1.530000000000000000e+02
8.426268726600681839e+04
3.509176690727114760e+02
1.266823927035305104e+02
4.428858802815206582e+04
3.144474210136128818e+02
6.933357772726516123e+04
3.310992167133482872e+04
9.299661049461220682e+04
4.557591360370237089e+04
6.291600582289646991e+04
7.600000000000000000e+01
8.496282905362171005e+04
3.526155782527749807e+02
1.000000000000000000e+00
5.720290628760062100e+04
4.355160023143062426e+04
5.457865161463411641e+04
5.077703310427541874e+04
5.472484747231803340e+04
6.035037918880568759e+04
1.114195356101258585e+04
9.945637019991359557e+04
1.676331181796104488e+02
6.833396517483278876e+04
5.098558430458009389e+04
5.215579036061125225e+04
1.932029798822556472e+02
2.402791648001206113e+02
1.686479839172839945e+02
9.800000000000000000e+01
5.396228819368407130e+04
9.053049975820936379e+04
4.892081333240905224e+04
2.802924331336327305e+04
2.740159779164831343e+04
1.768082510297040244e+02
2.400000000000000000e+01
5.501278136292755516e+04
9.600000000000000000e+01
2.097473957596646414e+02
5.463528338241681922e+04
1.410000000000000000e+02
6.686101760303764604e+04
5.769903423129413568e+04
4.700538109223823994e+04
2.180000000000000000e+02
8.864793674342651502e+04
1.295004621380621188e+02
5.169152980455601937e+04
5.590239859814749070e+04
1.607874579673271285e+02
6.600508886652109504e+04
5.988926224031419406e+04
9.430952931234506832e+04
2.463834052530030476e+02
1.538782155744787872e+02
6.214828474898874993e+04
8.086397234060076880e+04
1.143035262512443296e+05
8.900000000000000000e+01
2.494910785501094210e+02
1.480000000000000000e+02
5.189289894468113198e+04
5.942864026053477573e+04
5.664110335580448009e+04
1.396795826702033594e+02
5.453410542766997241e+04
1.000000000000000000e+00
6.062312300512687943e+04
5.652892680509555794e+04
2.746275045886453654e+02
5.762643895928031998e+04
4.048441978049652243e+04
5.134498535666832322e+04
5.871526048993201402e+04
1.795588780356160328e+02
7.802933577017042262e+04
5.785685408934734005e+04
6.634988995215256000e+04
3.733371500413774629e+04
1.693980146244977050e+02
2.017644486009505727e+02
1.933470107548598094e+02
5.425000509484444046e+04
8.962692623933601226e+02
5.495260615633616544e+04
5.410437483603362489e+04
1.588613290118384782e+02
6.026065674509234668e+04
5.928911926393041358e+04
2.712302024354225978e+02
3.963836820277190418e+04
1.000000000000000000e+00
5.339809656444616121e+04
7.500000000000000000e+01
1.270000000000000000e+02
9.299354996505940107e+01
1.002549034800736117e+05
2.265957174308549611e+02
6.131206491630282835e+04
3.020985608872133525e+02
5.752848501469557232e+04
4.453297533840061806e+04
3.022905758003244046e+04
1.380000000000000000e+02
3.710044566657538212e+02
2.200000000000000000e+02
3.253068974377263771e+02
3.036729885406087851e+04
1.376677217125382242e+02
7.721266050381286186e+04
3.427062252523543521e+03
5.446790228102421679e+04
2.917315790043597008e+04
3.100000000000000000e+01
5.605249971291855763e+04
1.030000000000000000e+02
2.708815688805076206e+04
6.395822212458273134e+04
5.891269707259676943e+04
3.003419425605377546e+04
2.084516038078162694e+02
3.641892016489130583e+03
3.273576992862536645e+04
2.432126897407424622e+02
6.183047167492169683e+04
4.930862991185255669e+04
4.595851118719335500e+04
6.152316105708466057e+04
2.362317807534010967e+02
7.000000000000000000e+01
4.802771495508091175e+04
5.622877467397811415e+04
1.766949398449740443e+02
5.972307921646203613e+04
2.703506978121953352e+02
3.753459046392524669e+02
2.200000000000000000e+01
5.708948453449959197e+04
2.967754005726808464e+04
2.808854677727364333e+02
2.419718501937784822e+04
5.963520730810294481e+04
3.482900852242694964e+04
4.218208227978143987e+04
6.272146854858602455e+04
6.371470783046478755e+04
5.193480513417063048e+04
5.354633040249811893e+04
1.520000000000000000e+02
1.078186650501605181e+05
2.565571663648220238e+02
1.000000000000000000e+02
1.410000000000000000e+02
5.434223946206462278e+04
3.955017091759044706e+04
5.681999955144229898e+04
1.050095338074759275e+04
1.170000000000000000e+02
4.969369616192634567e+04
6.314354784291930264e+04
3.264720591558141678e+04
5.797323443188981764e+04
4.113928804993591621e+04
4.840207975552725838e+04
8.787290831914528098e+04
3.268231953044608963e+04
6.200000000000000000e+01
1.719623580698033436e+02
6.043553820334569173e+04
3.709109596437364189e+02
4.286972265552395402e+04
1.124782921483041207e+02
3.274946981599457558e+02
3.142455884114750734e+04
6.067597990200615459e+04
5.828377544619514765e+02
2.911057540871671563e+02
9.400000000000000000e+01
4.455555283978620719e+04
5.998221405062537087e+04
1.170000000000000000e+02
1.069991491552965017e+05
6.049065518113902363e+04
3.600000000000000000e+01
5.332156141204003507e+04
3.239508814422167416e+04
1.367950509857240036e+02
5.843475891985666385e+04
3.279719040174979455e+04
4.015305352187070821e+04
6.247349771702633734e+04
1.115158064276959340e+04
9.335440493703684479e+04
9.129039601958016283e+04
1.220000000000000000e+02
4.938870280927527347e+04
1.147865150249901781e+05
9.114196522151575482e+04
9.291647481563524343e+04
8.996680430407052336e+04
5.623908282119130308e+04
2.441266290342899481e+02
4.283081282383913640e+04
5.397806547913556278e+04
1.043952524338245130e+05
6.300000000000000000e+01
4.166403046000572067e+04
3.542268996244500158e+04
4.715707600372795423e+04
7.003502550512430025e+04
4.740558857065515622e+04
1.012799674591645016e+05
2.740316779913934511e+02
1.066354474153942429e+05
1.484783412322274785e+02
2.928209857162047456e+02
5.800664098065959115e+04
4.581247781559108262e+04
1.497662835196852598e+02
5.865296929384710529e+04
6.263887736701022368e+04
2.893622131358979459e+02
3.057400912892098131e+04
1.492219419285575270e+02
5.688137834542890050e+04
7.840028136088058818e+04
4.300630744367308944e+04
5.545931685588246182e+04
2.890554098178483036e+04
3.097164157568594237e+04
1.137517983425587227e+04
2.600000000000000000e+01
2.103943406144949790e+02
5.289455134436056687e+04
6.314751163806489785e+04
1.341160852034536504e+02
1.270978638680532094e+04
8.276489826550614089e+04
5.242400598263857682e+04
5.905436744830646785e+04
4.973258135637069790e+04
6.550848055557613407e+04
5.786457524327152350e+04
6.433998574705515784e+04
7.624740700544520223e+04
2.969214463651452434e+02
1.310000000000000000e+02
3.713231680661771679e+04
3.396627203103019565e+04
7.000000000000000000e+00
4.562034404301630275e+04
9.964911029987214715e+04
4.650157141349808080e+04
2.991084086611132307e+02
5.600000000000000000e+01
8.416166451251284161e+04
5.712744869348961220e+04
4.310207195535548635e+03
5.379047737278042041e+04
6.053104034639253950e+04
1.200000000000000000e+02
3.423803998767092480e+02
9.569653938012862636e+04
9.533093085095415881e+04
1.007613811512847751e+05
1.440000000000000000e+02
7.100000000000000000e+01
5.924913211424426845e+04
5.900000000000000000e+01
3.360679874231764552e+04
5.909136119745169708e+04
2.574327896081362042e+02
4.419180359608483559e+04
1.141930354718066956e+05
5.472787496763129457e+04
2.163102319019305355e+02
9.100000000000000000e+01
5.754953321110138495e+04
4.487611079097863694e+03
5.055232098982846946e+04
6.214444453097931546e+04
4.931820255712110520e+04
1.690000000000000000e+02
1.000218339605082729e+05
5.462471957514107635e+04
6.294782754578728054e+04
2.030000000000000000e+02
9.782522691242817382e+04
1.998265652498642169e+02
3.040125383229750469e+02
6.655130206144442491e+04
2.853618648957350956e+02
1.492286538181257072e+02
5.325068981743171025e+04
5.589448611534629890e+04
1.878060456788877559e+02
4.204484906813416455e+04
2.735772940046257281e+04
1.752373458395974808e+02
2.140000000000000000e+02
5.431694508953164768e+04
5.638746725769569457e+04
6.869103318702812248e+04
2.907877539624715268e+02
1.004606065721917403e+05
1.067765560276382530e+04
2.431485565577992247e+02
5.627719320149508712e+04
4.724059943919102079e+04
3.441097791614715970e+04
2.097373636562633124e+02
1.537605084745762838e+02
9.232345691415769397e+04
3.129636872495929083e+02
1.824759782451906744e+02
5.151368974223733676e+04
2.809481290169117642e+02
1.631754896678687885e+02
6.342257936356907885e+04
3.054470172854199177e+02
1.068045212897318997e+05
2.953353164782722160e+04
7.600000000000000000e+01
2.622441565578687346e+02
2.099983970751009110e+02
4.466223236134828767e+04
2.220000000000000000e+02
1.185378399894604227e+05
2.670608494939075399e+02
5.190781779808406282e+04
1.350000000000000000e+02
6.196499576681965118e+04
2.846638050395537789e+02
2.393983460300902516e+04
4.862555249943592935e+04
1.908787020866709554e+02
1.779009828464788825e+02
1.513654671087488452e+02
1.938713070213216270e+02
1.100612128784447805e+03
5.721235299351158028e+04
5.851689146982936654e+04
3.986966448717832827e+04
3.352926427713214252e+02
3.569517460364552244e+04
1.000000000000000000e+00
3.163979712321605007e+02
2.450000000000000000e+02
6.836474882588951732e+04
5.964110676725248777e+04
1.290000000000000000e+02
9.833429028326689149e+04
5.646052790016314248e+04
1.427202364607170182e+02
1.160000000000000000e+02
1.723520689731441848e+02
8.100000000000000000e+01
2.770578697729200212e+04
1.036176587035633711e+05
5.179047380199396866e+04
7.500000000000000000e+01
2.408887656944702371e+02
2.832403886448674166e+04
4.203884504030746757e+04
1.348051684286777743e+02
9.364933956500269414e+04
5.500668664313833870e+04
7.472106463969076685e+03
4.521887464747243212e+04
1.520913620156878494e+02
7.025976080266517238e+04
9.257298376284010010e+04
6.645526849266927456e+04
1.639186449894183113e+02
1.161724023063513869e+02
2.911478977937945274e+02
9.525714642192814790e+04
2.582727570326271689e+02
1.983178418737479660e+02
4.535189778658849536e+04
5.610474972507141501e+04
1.667623268425648178e+02
1.410000000000000000e+02
1.124030539948361256e+05
6.693835315010743216e+04
3.690739777363702888e+04
5.535607922155057895e+04
3.829492308854155272e+04
8.416169498228526209e+04
3.733381425027569639e+04
1.096981030812185199e+05
5.244535989011784113e+04
1.105992177491818293e+05
1.012351094750827469e+05
2.807459249921788000e+02
2.029500871264197315e+02
5.613360747324777185e+04
2.089055596480747568e+02
1.876140967572384852e+02
3.262238474618770124e+04
1.522042745058538458e+02
1.195696133313984319e+04
7.200000000000000000e+01
1.530318135537675516e+04
5.380582728023405070e+04
4.000000000000000000e+01
1.990208529682845153e+02
1.272573392100327183e+05
1.455264545465452670e+02
5.911599209378891101e+04
1.050125982848204876e+05
2.643457652187356643e+02
3.142585065795774995e+02
1.539031710442838516e+02
1.017523394572052057e+05
1.356794067005824331e+02
4.578054813614708110e+04
4.641544752124080696e+04
6.566054627606036956e+04
3.358618703601000743e+04
1.054830269454320951e+05
8.986489984654745786e+04
3.916627662880747812e+04
2.001114120158903802e+02
5.257411157533587539e+04
1.014077959936853003e+05
5.744628233998675569e+04
1.112070925222797513e+02
6.239039306712493999e+04
2.960511632738749904e+04
2.180000000000000000e+02
2.236207459919747293e+02
6.133399728190831956e+04
5.185550230766742743e+02
1.000000000000000000e+00
1.067075807519515802e+05
4.822233595325227361e+04
7.373092591768468083e+02
5.300000000000000000e+01
3.518047389626914082e+04
6.247550087007616821e+04
1.833850107967496399e+02
7.932577719999439432e+04
1.022744022865018778e+05
1.297878570501681224e+03
1.621481901439540252e+02
5.723836899117162102e+04
5.080460986240541388e+04
3.907068500888481503e+04
5.636454699668769899e+04
2.000655429866409634e+02
5.935773042003568116e+04
6.424970214344380656e+04
1.084264644293029851e+05
1.390000000000000000e+02
4.689839942766546301e+04
2.407517464388507165e+02
2.224956288946985694e+02
1.281259651255775862e+04
4.364374500982338941e+04
3.323687360047399125e+04
8.991974514151447511e+04
5.379541370909041871e+04
4.234463980234251358e+04
1.244880067499253164e+04
5.104235066434666805e+04
4.799516997356768843e+04
3.606101084382038971e+04
2.636182718726929579e+02
5.860138083042893413e+04
4.678055672989881714e+04
2.737522382436314001e+04
5.028754732465330744e+04
5.466640273169095599e+04
6.367888841889479954e+04
5.704366871579691360e+04
5.891247173796876450e+04
1.085320815957553577e+03
1.929952930017284416e+02
6.473666914551034779e+02
1.490000000000000000e+02
2.737935501042470059e+04
6.086422804867848026e+04
5.392790080038879387e+04
4.700837857725727372e+04
4.993286199950902665e+04
1.310000000000000000e+02
8.380498045085594640e+04
5.558833570096769836e+04
6.014463921636915620e+04
2.065607949417095028e+02
1.607582406332813605e+02
1.280000000000000000e+02
3.248143933260765834e+02
1.194741808788407652e+05
1.667706256168021639e+02
5.608593435767984920e+04
2.926156576427257824e+04
2.758255537426996398e+02
8.375047609760484193e+04
4.705836367858904123e+04
7.779158444286366284e+04
4.937567130504400848e+04
1.260000000000000000e+02
2.258914684780634730e+02
5.238928197820240166e+04
2.689625302505170907e+02
1.214146455666857946e+03
5.244401818947732681e+04
5.648866359408859716e+04
4.766775109109171899e+04
4.413514737073708238e+04
6.421553119480321766e+04
1.449661356466876896e+02
6.669477693260466913e+04
5.194399452378645219e+04
3.918265986992850230e+04
5.649011406266925042e+04
1.763408843437575513e+02
5.227257358430310705e+04
6.400000000000000000e+01
3.358512967298778676e+04
8.774458793100564799e+04
2.146493573136846180e+02
6.156193336108825315e+04
4.446631332527080076e+02
1.409445168892380309e+02
3.035192629122691505e+04
1.300000000000000000e+01
1.000000000000000000e+00
9.353210404386991286e+04
5.394817793492734199e+04
5.356337963836198469e+04
1.826968560200412810e+02
5.342594387221062061e+04
4.092783012974818848e+04
8.000000000000000000e+01
2.842123388168148495e+02
1.910490209574420533e+02
4.870319158953123406e+04
4.856620592881178163e+04
1.095204563931009034e+03
7.450494875303642766e+04
6.413186022605162725e+04
3.186948638093402042e+04
2.110000000000000000e+02
3.125832727228201406e+02
4.082425891143443005e+04
5.473438093614255195e+04
2.646499822210024604e+02
5.662404586208877299e+04
5.692227839036238584e+04
1.440000000000000000e+02
1.493277887868807454e+02
5.149712761670454347e+04
1.853570436610483512e+02
9.741227516787988134e+04
6.093278353625831369e+04
9.736565437870641472e+04
5.704548139096286468e+04
5.384213414103499963e+04
5.059431719345685269e+04
3.824065945197263500e+04
4.130425183958162233e+04
1.520000000000000000e+02
3.119115643291749439e+04
1.500000000000000000e+02
1.406954023904382325e+02
2.659768340116792160e+02
2.180000000000000000e+02
5.218077874212081952e+04
5.274895980378998502e+04
2.130000000000000000e+02
1.480000000000000000e+02
4.673348530293528165e+04
6.199565041731327074e+04
2.140000000000000000e+02
2.401346126866642408e+02
8.500000000000000000e+01
6.333224735234426771e+04
3.012147979701280747e+02
2.212428945451745221e+02
9.400000000000000000e+01
1.327035190607363688e+02
5.624544007615572627e+04
4.862051553866634640e+04
3.177717263577035851e+02
3.371265482608377351e+04
3.580117090808805369e+04
3.086128382092775064e+04
5.538274675167842361e+04
4.851807250529371959e+04
3.143976825578000671e+02
7.087524898910829506e+04
1.383356593613433461e+03
9.100000000000000000e+01
5.430227839813405444e+04
3.027145229880869010e+03
3.803622752451785800e+02
4.700000000000000000e+01
5.860280853243790625e+04
2.672062089316497691e+02
1.494121293646066135e+02
8.637334540210977138e+04
5.519314314311327325e+04
3.641414947472233325e+04
5.190032985870065750e+04
4.801399474850320985e+04
8.152351744485161908e+04
9.017446587929484667e+04
3.948677497721385589e+04
1.041617708953184483e+05
1.000000000000000000e+00
3.692140858458086541e+02
1.000000000000000000e+00
5.730173553965106112e+04
5.692852090089597186e+04
2.138130822977257992e+02
3.004044877723842001e+04
1.529847190417138734e+02
1.524123234055658713e+02
1.207036865671432752e+05
9.737313937559095211e+04
2.761209653189839628e+02
1.289428101826665807e+04
2.423784553610998671e+02
7.400000000000000000e+01
2.823953149948491159e+02
1.260000000000000000e+02
9.200000000000000000e+01
1.100000000000000000e+02
4.780363092002375197e+04
1.250000000000000000e+02
2.190000000000000000e+02
3.186846340819853503e+04
1.257448292349726842e+02
3.994360938720067497e+04
6.065332345238256676e+04
1.350000000000000000e+02
2.782385208612075439e+04
9.100000000000000000e+01
2.907690917018929395e+04
1.093691834269271203e+05
2.951894697792275792e+02
4.626913206697295391e+04
5.900000000000000000e+01
1.290000000000000000e+02
6.021080356394215778e+04
2.069439583752547946e+02
2.447127334547075179e+02
5.950657325234370364e+04
9.182478775932269855e+03
3.035798883118713434e+02
4.781516418552449613e+04
9.008741831252535803e+01
2.865621079408179139e+04
1.540000000000000000e+02
2.544392865015224174e+02
6.185764020317642280e+04
5.300000000000000000e+01
2.600000000000000000e+01
5.361490885148906091e+04
2.177671438633460639e+02
4.383871143027977087e+04
8.024242457190748246e+04
9.845009805357991718e+04
8.878838290761839016e+04
9.211979514659919369e+04
3.896270275723164377e+04
1.460000000000000000e+02
2.580661460838020957e+02
5.529053845218781498e+04
5.679490266719722422e+04
6.401244187387768761e+04
2.762673120528159779e+04
3.281091377136974188e+04
8.462791028476273641e+04
1.076079724711594463e+05
3.899103503463682864e+04
2.586808247486569599e+02
5.918707257766727707e+04
3.407473989563736541e+04
1.158116765673844784e+05
1.646785522435715166e+02
2.031740488891056771e+02
3.748530457147964512e+02
5.494282869512453908e+04
4.400000000000000000e+01
6.337907463821704005e+04
5.627758933899546537e+04
9.186092983132421352e+01
5.419214504780427524e+04
9.833370384800166357e+04
2.126838319027619946e+02
7.000000000000000000e+00
6.621546505736991821e+04
1.310000000000000000e+02
1.040834680593626399e+05
2.223191867680686471e+02
6.202914639849480591e+04
4.356951075151527039e+04
1.460076741557162450e+03
2.110000000000000000e+02
9.215009677151626965e+04
3.526267851015956694e+04
3.202380543819251034e+04
1.456902101241642811e+02
4.995144106769282371e+04
6.285692533287470724e+04
4.683924066444214259e+04
3.057950959094396239e+02
4.949946910012665467e+04
1.910552269527117630e+02
5.985070263748412253e+04
1.300000000000000000e+02
1.290000000000000000e+02
1.798156682629830243e+02
1.170000000000000000e+02
2.800000000000000000e+01
5.685039575138566579e+04
5.503152492483458627e+04
5.319715845368491136e+04
2.800116747691473620e+02
3.037479045104150646e+04
1.919239613639123263e+02
2.917047745320808758e+02
2.168008364493205420e+02
2.769593130108719379e+02
2.366769194003636585e+02
2.132967679411862605e+02
5.200766879563483235e+04
4.886129588307718950e+04
5.541887054610283667e+04
4.586254916002624668e+04
5.680431928878057806e+04
1.490000000000000000e+02
3.245103231785255957e+02
6.400000000000000000e+01
2.277803026711096379e+02
9.460051872805555831e+03
2.534687713043385884e+02
2.813243566312120265e+02
7.260848936296819011e+04
8.900911508931616845e+04
3.449342018225050560e+04
1.101275046034884435e+05
4.886450063504986610e+04
4.433356969908233623e+03
1.000000000000000000e+00
6.495604079285054468e+04
5.817409960416061222e+04
5.595666762283001299e+04
2.947218343218740119e+04
5.800000000000000000e+01
5.031446836202207487e+04
1.170000000000000000e+02
5.031394756255325774e+04
1.245263953788460640e+05
8.980163007417754852e+04
9.818588727747685334e+04
3.165506269481307982e+02
5.785100447409809567e+04
2.946618719125343659e+02
5.217290163434192073e+04
5.701516694073619146e+04
4.517705534924985113e+04
4.152195258453288989e+04
2.550000000000000000e+02
9.573052272900522803e+04
6.617545263218722539e+04
1.110202677487660840e+05
1.380000000000000000e+02
3.490008233186168945e+04
4.684462504978868651e+02
6.111828718711000693e+04
5.341937131264131312e+04
1.155796479301915824e+05
2.700000000000000000e+01
1.603639533687121457e+02
4.825002662949247315e+04
6.838692872371195699e+04
3.203992043686710167e+04
1.150000000000000000e+02
8.744232058204078930e+04
8.842809712730972387e+04
5.308786901977031812e+04
2.180000000000000000e+02
5.161273351058280969e+04
4.359775343642130611e+04
5.552647876302085933e+04
5.956652813157663331e+04
2.043258161177203647e+02
1.439638862559241659e+02
5.822891720001531939e+04
5.946528304095163912e+04
2.100000000000000000e+02
1.160000000000000000e+02
2.116651450900698137e+02
4.600000000000000000e+01
4.561331092876663024e+04
3.538346946377448330e+04
2.120000000000000000e+02
1.182515816558810184e+04
1.586365470202757706e+02
5.996730893415436731e+04
4.314629538045741356e+04
5.315643593167951622e+04
8.599715250230653328e+04
9.941653688952123048e+04
2.190000000000000000e+02
1.042439502961952967e+05
2.190000000000000000e+02
4.007073304905357509e+04
2.130000000000000000e+02
6.952765625983728387e+04
2.420697830476398303e+04
1.534653478958929895e+02
1.580540503867315465e+02
1.055116584606489050e+05
1.863449074616279404e+02
1.963126690054410233e+02
1.390000000000000000e+02
1.000000000000000000e+00
6.200361433774067700e+04
1.339967401340246397e+04
8.407513151179217675e+04
4.053152503246843844e+04
1.110000000000000000e+02
1.446952050473186091e+02
1.016193134545614739e+05
1.380000000000000000e+02
1.011727442115781159e+05
1.000000000000000000e+00
1.190000000000000000e+02
1.530000000000000000e+02
9.931770761427053367e+04
1.127788452642467309e+05
5.471250186633789417e+04
4.448557235513666819e+04
2.661209227306293542e+04
1.244176342324852840e+02
5.481454436570921098e+04
7.162555913004274771e+04
1.847321562092185445e+02
2.368290044250864526e+02
1.630374358338576144e+02
3.357153050714311462e+02
1.182092308764766203e+05
8.833932818715166650e+04
1.320000000000000000e+02
5.541220569677512685e+04
5.604089616029994068e+04
6.074787258019590081e+04
4.821207370872834144e+04
5.611681863173160673e+04
9.845513899061788106e+04
2.913513566851471842e+04
1.127542837593333047e+02
2.837623833427076647e+02
4.537173194832763693e+04
3.933857243829395884e+04
9.611109583006899629e+04
2.731263159810742422e+02
5.233439245038363879e+04
1.170000000000000000e+02
1.329374973802667409e+04
2.732495456553024269e+02
6.568090990443855117e+04
7.400000000000000000e+01
1.026803324281435052e+05
1.405511677206632726e+02
2.080000000000000000e+02
5.261225281626181823e+04
5.714018563213197194e+04
4.739932770757729304e+04
2.170000000000000000e+02
5.663018457150612812e+04
5.639574024757560983e+04
2.874863029336108298e+02
5.485431829736317741e+04
1.226368119735048640e+04
4.235002897623942408e+04
1.270000000000000000e+02
2.803418743735142584e+02
4.311234487910513417e+04
1.159016961135995371e+05
3.500000000000000000e+01
5.819174191498054279e+04
4.827557453501667624e+04
6.647621658304800576e+02
1.000000000000000000e+00
2.110896192565104172e+02
9.163443582144557149e+04
9.240225730601236864e+04
1.209345953508206776e+03
2.210324037940905271e+02
2.070000000000000000e+02
4.905373584281934018e+04
4.679406180650199531e+04
5.156351810906112223e+04
5.116230807181912678e+04
2.090000000000000000e+02
5.680663914572721114e+04
5.020134025234916044e+04
8.977991262605685915e+04
5.995743401217502833e+04
5.275241565821383847e+04
5.498485943972497626e+04
2.436867445394466642e+02
5.239507460739097587e+04
3.847665763544123183e+04
6.232894682162730169e+04
1.845272704609500636e+02
1.272028764942550333e+04
5.201052298701367545e+04
3.430259553779321868e+04
2.170097537875653302e+02
7.000000000000000000e+01
1.128508509744763578e+05
2.426570915407029929e+02
5.637449907536875253e+04
3.813245946109965735e+04
4.882956817243300611e+04
5.140741708807674877e+04
1.477953528700005154e+04
7.746494972812129731e+01
4.531789423224452185e+04
3.168122794828661790e+04
6.099082098823715205e+04
3.681058217795991823e+02
9.000000000000000000e+01
2.423041072248106502e+02
5.800000000000000000e+01
5.490267511539358384e+04
6.903733064659048978e+03
2.687207452137723749e+02
3.778490811251808736e+02
9.803089746038243175e+04
4.790374651588488632e+04
1.510000000000000000e+02
1.000000000000000000e+00
8.413502142110104614e+04
6.110383336910274375e+04
5.286237445808581833e+04
9.683613650400585902e+04
2.002152084614012324e+02
2.180000000000000000e+02
2.384610348734365175e+02
4.236144731170316663e+04
3.300000000000000000e+01
6.394420850630197674e+04
1.186486854625736305e+05
2.901724272192856233e+02
5.668886204080066091e+04
4.945675881615748949e+04
2.481297422118298073e+02
4.836597490464198927e+04
6.204084166637013550e+04
2.624466828971213204e+02
8.111308651926297171e+04
1.530000000000000000e+02
3.138427715530144269e+04
5.386344700241598912e+04
1.050182614962181688e+05
5.109949712801496207e+04
2.650000000000000000e+02
5.218541530852611322e+04
5.791224039442568028e+04
4.668204785773131880e+04
1.875002326320322368e+02
9.183635029946990835e+04
5.203887201313392143e+04
5.976203448703783215e+04
4.341009808854464791e+04
5.148474831593212002e+04
2.160000000000000000e+02
6.237315443937450618e+04
8.451802165276172673e+03
5.715728760977100319e+04
5.463884184041353001e+04
1.036359092252579285e+05
2.606144349106367599e+02
4.685056327113400039e+04
1.088899990390790190e+05
4.921725258345613111e+04
5.321739404904148978e+04
3.336462280963250669e+04
2.110540882939797598e+02
3.503959276791079901e+04
4.621236081892083166e+04
2.780616501052792273e+02
1.240000000000000000e+02
7.600000000000000000e+01
2.114424953964501412e+02
6.185445628744616988e+04
9.554065606513158127e+04
1.677974553182145428e+03
6.169793293751098099e+04
6.032132116967454203e+04
1.240000000000000000e+02
6.505482307571289857e+04
5.138014640401735960e+04
5.493527891387873387e+04
7.400000000000000000e+01
2.797515097864337440e+04
5.855741332460897684e+04
2.684612780502494616e+02
4.951496166802961670e+04
5.629692180188442580e+04
4.815784795591605507e+04
1.520000000000000000e+02
5.143809635303504183e+04
5.386372354924157116e+04
6.809803975745800017e+03
2.397635106594859167e+02
1.021834552328873106e+05
7.898138922501675552e+04
2.984477471755494662e+02
8.981743725058481505e+04
9.500000000000000000e+01
1.534519955788736070e+02
9.818749375527141092e+04
2.000000000000000000e+01
1.310000000000000000e+02
5.026583398874016711e+04
3.804081888617444201e+04
8.894896775498896022e+04
4.709962892225599353e+04
9.538232357356643479e+04
4.846075598042841739e+04
9.423514201761635195e+04
4.655815686686443951e+04
1.675512394490563395e+02
1.800000000000000000e+01
2.208313720156199338e+02
6.189126694466930348e+04
1.033491037087940640e+03
5.057508044490015891e+04
1.120000000000000000e+02
1.915599631234153151e+02
6.950454499455839687e+04
7.900000000000000000e+01
7.792569513788313088e+03
8.513380697990636691e+03
1.058982853271542554e+05
3.622104411292609439e+04
3.192531831189971285e+02
5.365171408146576141e+03
3.015179138016275147e+02
2.167471164772240115e+02
8.500097131450667803e+04
9.683912323440225737e+04
2.180000000000000000e+02
1.160000000000000000e+02
2.667808252530771256e+02
2.180000000000000000e+02
2.049498298714536304e+02
3.120232546782262943e+02
1.608375404464052565e+02
8.800000000000000000e+01
9.759515676654534388e+01
8.884978962037095334e+04
1.019328933530907962e+05
3.900000000000000000e+01
6.688484470694049378e+04
1.540000000000000000e+02
4.328490478952562262e+04
1.920556130989864698e+02
2.463260581549178028e+02
1.302777112417822764e+03
5.146724893470251118e+04
5.684237813997903140e+04
1.201545725890777430e+04
2.240099522798013822e+02
5.782610976434795884e+04
5.042774271063848573e+04
1.644666547574402387e+02
1.862731649817186792e+02
2.796487707464175969e+02
6.170947511291618866e+04
3.000678228689980642e+02
1.459536608557844772e+02
1.219168760650440672e+05
6.056964297997361427e+04
1.690683960030916069e+02
1.003328927332000312e+05
2.269036015299165285e+02
5.073223268591525266e+04
1.234577163012629910e+02
2.408332836942598476e+02
2.379561988702447252e+03
2.714170021302876989e+02
5.678541860461369879e+02
5.400000000000000000e+01
2.516246990401992889e+02
8.211659328275913140e+04
1.190000000000000000e+02
1.008913823784204724e+05
3.332678128197848127e+04
2.190000000000000000e+02
3.459003901433566170e+02
5.337888562840825762e+04
1.517650352628419625e+02
1.690057713796511507e+02
5.595295027024516457e+04
1.040888096103040298e+05
7.800000000000000000e+01
1.098089490597187105e+05
6.618169663209276041e+04
5.925139419963080582e+04
5.675524981690998538e+04
4.750912249402183807e+04
5.920460107671307924e+04
1.223512109941356757e+05
2.443524596350865465e+02
1.100000000000000000e+02
4.974149422180609690e+04
1.532964701487381660e+02
4.747723590598889132e+04
9.900137272426627169e+04
7.408724291891239409e+04
2.103371316698433588e+02
2.000000000000000000e+01
2.058035963116091125e+02
8.400000000000000000e+01
2.982558569321791992e+02
3.391413555061284569e+04
6.151737054937247012e+04
5.694843617617576092e+04
8.663584399550037051e+04
2.442695931667943660e+04
5.606872843593190919e+04
2.451023842609815983e+04
5.795148427313965658e+04
1.035199399229911651e+05
2.014811922459443849e+02
4.929605701920831780e+04
4.578586760777473046e+02
8.616586821838372998e+03
9.780719378885698097e+04
6.602872851621988229e+04
5.586866421404972061e+04
1.190000000000000000e+02
2.543667655224464283e+02
2.846306319368858340e+02
2.841877601217548772e+02
9.970276580228484818e+03
5.120189547782115551e+04
8.305062421261504642e+04
1.449667290232170274e+02
1.200000000000000000e+02
4.800088624799261015e+04
3.200000000000000000e+01
1.991595928029273352e+02
5.987510768505512533e+04
4.424613659674827068e+04
5.800000000000000000e+01
5.860859350521226588e+04
1.341898407154446068e+04
2.250938791963228027e+02
6.643607970275488333e+04
5.207085641468268295e+04
8.900000000000000000e+01
4.036063679595921712e+04
5.003087518270243891e+04
3.364456831165944664e+02
5.578720111364126933e+04
2.599338527843872839e+02
9.106360312680210336e+04
4.752210300760275277e+04
5.548152496536330000e+04
6.077409204524422239e+04
8.400000000000000000e+01
2.179047331931887470e+02
1.023583079655625770e+05
7.415681667389025097e+04
5.505987758384842891e+04
2.100322326163246203e+02
3.024882048521607067e+04
1.390000000000000000e+02
4.366182595909100928e+04
5.042522354213870130e+04
5.097595701503335295e+04
1.197671877866674913e+05
4.729920113103736367e+04
6.280414053577327286e+04
1.246863312044698832e+05
8.796347444222155900e+04
2.354343183249174558e+02
5.159819942825901671e+04
6.327895843346145557e+04
3.075440236377080510e+02
6.096826721857649682e+04
6.316075964527646283e+04
1.615592446431077747e+02
1.581720776959757870e+02
1.185430573952970553e+04
5.850321529896651919e+04
5.508555550607199257e+04
5.287576596374491783e+04
4.699240890069602756e+04
4.128900379794538458e+04
9.512574491589749232e+04
6.945027946408771095e+04
4.455678321437129489e+04
4.901867212589291012e+04
1.280000000000000000e+02
4.524331456980185612e+04
2.020000000000000000e+02
1.687698857572012798e+02
1.229040715205796878e+05
9.302337427991324512e+04
4.641747737082101958e+04
5.773972393263845879e+04
2.200284070041886082e+02
6.081513060804079629e+01
8.208495231908782443e+04
9.752881867362986668e+04
6.889760010184656130e+04
5.697748003213599441e+04
1.804348110349208696e+02
2.923074928969456323e+02
1.132824840826214640e+05
5.224658218414882140e+04
2.053757403855468340e+02
3.566942070129561762e+04
4.627955447178010218e+04
1.833993853627403610e+02
2.958984984158850011e+02
4.091220086283572164e+04
1.360000000000000000e+02
1.836271382040447691e+02
1.891567503251253868e+02
2.256794276014162506e+02
5.608485403599107667e+04
5.560241001055225206e+04
2.281610792088976609e+02
5.472508795056484087e+04
2.940656411014643936e+02
6.100000000000000000e+01
9.336254683340514021e+04
2.690932335666964832e+02
4.352438935237151600e+04
2.705554092468968292e+02
2.662848489758654296e+02
6.096008411693226662e+04
2.872902203238416519e+02
6.086352808538928366e+04
5.213330753619803727e+04
2.765320546241334796e+02
5.262151961981420027e+04
2.175842532847450457e+02
8.546052538297872525e+04
2.775515034592616530e+02
1.131658474370502663e+05
1.053841814332720242e+05
1.809966874028530412e+02
5.630962782819989661e+04
2.900000000000000000e+01
5.625394250795356493e+04
7.600000000000000000e+01
1.043056221346912764e+02
5.609359265575521567e+04
2.061894930686140128e+02
3.423338746590290248e+04
2.500000000000000000e+01
1.014544794857336965e+05
7.069737689162713650e+03
5.531275341309066425e+04
1.270461198649910366e+05
4.860515872554209636e+04
9.688286362916107464e+03
5.393027308692600491e+04
2.978231708169387275e+04
4.758286919958216458e+04
1.336101923597716814e+04
2.544706014678941938e+04
2.100000000000000000e+02
2.111967968284208439e+02
5.220733979756309418e+04
8.340764012531250046e+03
4.862054743178315402e+04
5.414398913088954578e+04
1.550000000000000000e+02
5.598619259098421753e+04
1.863126179988427964e+02
2.946199856594724042e+04
6.116318070192437153e+04
5.721015856700304721e+04
5.612657373938082310e+04
4.814444004686675908e+04
4.788497837140916818e+04
3.886810141034329718e+04
3.806571998079407786e+04
5.212252007922323537e+04
1.420863665855636668e+02
5.092693907372374088e+04
5.388900651752333215e+04
5.840674213492327544e+04
1.450514099616858346e+02
5.279695947527458338e+04
5.534740234093883191e+04
5.473876741179436794e+04
1.066067363853455317e+05
9.777361103046435164e+04
4.436652884012424329e+04
5.848644829983844829e+04
1.783160971610371348e+02
5.969785507845837458e+01
4.544661074901153188e+04
2.546350414667762436e+02
1.042675361065219331e+05
4.821748787371302751e+04
5.300243639798125514e+04
5.538763682112046808e+04
1.071770060569569614e+05
8.523831926163469689e+03
6.058054740467995725e+04
4.868686145592504181e+04
9.155502512761596881e+04
1.000000000000000000e+00
1.498820487933151071e+02
5.211475938236596267e+04
4.811810488583042752e+04
6.344020175941190973e+04
5.342056821196806413e+04
8.153619291772683209e+04
1.320000000000000000e+02
1.723254706355994585e+02
3.160478596791993482e+02
3.089139561984723059e+02
9.450351102038190584e+04
8.596043541429888865e+04
3.059765759380441159e+04
2.328493662941287141e+02
5.063178030667408893e+04
7.300000000000000000e+01
5.817447690486963984e+04
9.239373993188886379e+04
9.395168382478880812e+04
5.466609751306455291e+04
1.390000000000000000e+02
4.894306781831503758e+04
3.427909806825297437e+03
5.122100642155249807e+04
5.239202301772659121e+04
2.690504075794676737e+02
3.102026084638432621e+02
5.000000000000000000e+01
4.633817900217409624e+04
4.469052699202404619e+04
4.618661355084261595e+04
3.761195944018189039e+04
5.546954900977681973e+04
2.754192130034725778e+02
1.126827774542925035e+05
1.090581054687500000e+02
4.588812506789487816e+04
1.473845706284753032e+04
4.497188240067881270e+04
4.594312950419740082e+04
2.523490863628872830e+04
2.714174704569292089e+02
5.020828292084416898e+04
4.787393855565197009e+04
4.939513819212448288e+04
1.000000000000000000e+00
2.553767093013599379e+02
1.346745524014106559e+04
6.320488722535612760e+04
2.946126766343834333e+02
1.000000000000000000e+00
5.211540415362017666e+04
9.994117858364091080e+04
5.009486594758772844e+04
4.300000000000000000e+01
2.441469454365175409e+02
2.006562195137858851e+02
6.520763568184561154e+04
5.096546681756777252e+04
9.200000000000000000e+01
1.662210575318764825e+02
4.841995183018114767e+04
4.171466582191947964e+04
2.328161136927549819e+02
1.300000000000000000e+01
9.065544399376856745e+04
2.908769787062237242e+02
7.700000000000000000e+01
4.797907773957197060e+04
5.658254921127745911e+04
4.500780003785521694e+04
1.277236883209264488e+05
3.586062156168098591e+04
8.809382912273520196e+04
2.177945255384651659e+02
1.320000000000000000e+02
7.200000000000000000e+01
4.928059583943071630e+04
5.824478639491784270e+04
7.700000000000000000e+01
6.513533754937331105e+04
3.040933286064808999e+04
1.105347546236753942e+03
5.274531082488126412e+04
1.098808044582326147e+04
4.188945236532919080e+04
4.102032106831683791e+02
1.021777753466757858e+05
1.240000000000000000e+02
2.222369369778747057e+02
2.911814065038750414e+04
2.333316740513859600e+02
3.727842958480507514e+04
3.421225778418593836e+04
5.647834872145240661e+04
1.308923076923076962e+02
2.171092235137116973e+02
2.715590019550457146e+04
2.794968095231000689e+02
6.212818984457451734e+04
1.000000000000000000e+00
5.557264887375028047e+04
9.365582251618946611e+04
5.000000000000000000e+01
5.684243708923571103e+04
5.607493234451498574e+04
2.948799922366003011e+04
8.100000000000000000e+01
2.728830188127405449e+02
3.100000000000000000e+01
9.007068389290352934e+04
2.200000000000000000e+02
5.576547922310195281e+04
6.485222775211155385e+04
2.646688383139453435e+02
9.150070364412444178e+04
2.140000000000000000e+02
5.401564015825484967e+04
1.015042839463578857e+05
2.600017743261976284e+04
3.735083042761117213e+03
